0.23 -0.13 9.88 0.19 -0.07 -0.01 -9.02 31.99 19.40

0.21 -0.15 9.87 -0.06 0.06 0.05 -9.02 31.99 19.40

0.15 -0.13 9.86 -0.24 0.18 0.11 -9.02 31.99 19.40

0.13 -0.14 9.82 0.00 0.18 0.05 -9.02 31.99 19.40

0.11 -0.14 9.79 0.06 0.12 0.05 -9.02 31.99 19.40

0.13 -0.15 9.81 -0.18 0.18 -0.01 -9.94 32.01 20.32

0.18 -0.15 9.81 0.00 0.24 -0.07 -9.94 32.01 20.32

0.20 -0.15 9.79 0.00 0.18 -0.07 -9.94 32.01 20.32

0.20 -0.14 9.79 0.06 0.06 -0.07 -9.94 32.01 20.32

0.18 -0.10 9.81 -0.06 -0.00 -0.01 -9.94 32.01 20.32

0.17 -0.08 9.81 0.19 -0.00 -0.07 -9.94 32.01 20.32

0.17 -0.10 9.77 0.49 -0.00 -0.07 -8.13 32.87 16.63

0.17 -0.12 9.87 -0.36 -0.25 0.17 -8.13 32.87 16.63

0.12 -0.16 9.96 -0.18 -0.00 0.05 -8.13 32.87 16.63

0.11 -0.17 9.85 0.67 0.48 -0.20 -8.13 32.87 16.63

0.11 -0.17 9.75 0.31 0.36 -0.13 -8.13 32.87 16.63

0.15 -0.16 9.78 -0.06 0.12 -0.07 -8.13 32.87 16.63

0.18 -0.16 9.82 -0.12 -0.07 -0.01 -8.13 32.87 16.63

0.21 -0.13 9.82 0.00 -0.00 -0.01 -10.86 32.92 21.25

0.19 -0.10 9.81 0.06 -0.00 -0.01 -10.86 32.92 21.25

0.17 -0.07 9.79 0.25 -0.07 -0.01 -10.86 32.92 21.25

0.16 -0.08 9.82 0.06 -0.07 -0.01 -10.86 32.92 21.25

0.15 -0.10 9.86 0.13 -0.07 -0.01 -10.86 32.92 21.25

0.15 -0.15 9.85 0.43 -0.00 -0.07 -10.86 32.92 21.25

0.14 -0.17 9.83 0.43 0.06 -0.07 -10.86 32.92 21.25

0.15 -0.19 9.83 0.19 0.06 -0.01 -10.81 30.24 24.02

0.17 -0.19 9.83 0.55 -0.00 -0.01 -10.81 30.24 24.02

0.13 -0.19 9.81 0.43 0.06 -0.01 -10.81 30.24 24.02

0.12 -0.17 9.88 -0.42 0.06 0.11 -10.81 30.24 24.02

0.13 -0.16 9.88 0.00 0.18 -0.01 -10.81 30.24 24.02

0.12 -0.15 9.80 0.06 0.24 -0.01 -10.81 30.24 24.02

0.13 -0.13 9.78 -0.12 0.24 0.05 -10.81 30.24 24.02

0.16 -0.10 9.83 -0.30 0.12 0.05 -11.76 29.32 18.44

0.17 -0.10 9.83 -0.06 0.12 -0.01 -11.76 29.32 18.44

0.18 -0.10 9.83 -0.18 0.12 -0.01 -11.76 29.32 18.44

0.16 -0.11 9.82 0.13 0.18 -0.07 -11.76 29.32 18.44

0.15 -0.12 9.81 0.19 0.06 -0.07 -11.76 29.32 18.44

0.16 -0.16 9.81 0.13 0.06 -0.07 -11.76 29.32 18.44

0.17 -0.17 9.82 0.00 0.12 -0.01 -11.76 29.32 18.44

0.16 -0.17 9.81 0.13 0.12 -0.01 -9.95 32.91 20.33

0.14 -0.16 9.82 -0.12 0.12 0.05 -9.95 32.91 20.33

0.16 -0.15 9.84 -0.12 0.06 0.05 -9.95 32.91 20.33

0.16 -0.14 9.83 -0.06 -0.00 0.05 -9.95 32.91 20.33

0.16 -0.13 9.82 0.06 -0.00 -0.01 -9.95 32.91 20.33

0.15 -0.10 9.82 -0.06 0.06 -0.01 -9.95 32.91 20.33

0.15 -0.09 9.83 -0.06 0.12 -0.01 -7.20 35.58 21.29

0.15 -0.10 9.82 0.00 0.06 -0.07 -7.20 35.58 21.29

0.15 -0.12 9.83 0.25 0.12 -0.07 -7.20 35.58 21.29

0.16 -0.16 9.81 0.25 0.12 -0.07 -7.20 35.58 21.29

0.17 -0.16 9.81 0.25 0.12 -0.01 -7.20 35.58 21.29

0.17 -0.15 9.81 0.06 0.06 -0.01 -7.20 35.58 21.29

0.15 -0.15 9.83 0.06 -0.00 -0.07 -7.20 35.58 21.29

0.15 -0.15 9.84 0.06 0.06 -0.07 -10.84 32.03 22.17

0.14 -0.15 9.84 0.06 0.06 -0.07 -10.84 32.03 22.17

0.14 -0.14 9.83 0.06 0.06 -0.07 -10.84 32.03 22.17

0.15 -0.14 9.81 0.06 0.12 -0.07 -10.84 32.03 22.17

0.16 -0.14 9.81 0.06 0.12 -0.07 -10.84 32.03 22.17

0.16 -0.13 9.81 0.06 0.12 -0.01 -10.84 32.03 22.17

0.17 -0.13 9.82 0.06 0.12 -0.07 -10.84 32.03 22.17

0.17 -0.14 9.82 0.00 0.12 -0.07 -9.01 31.09 19.40

0.15 -0.15 9.82 0.00 0.18 -0.07 -9.01 31.09 19.40

0.15 -0.15 9.81 0.06 0.12 0.05 -9.01 31.09 19.40

0.15 -0.15 9.81 0.06 0.12 0.05 -9.01 31.09 19.40

0.15 -0.14 9.83 0.00 0.06 0.05 -9.01 31.09 19.40

0.14 -0.13 9.84 0.00 0.06 0.05 -9.01 31.09 19.40

0.15 -0.13 9.83 -0.12 0.05 0.40 -9.01 31.09 19.40

0.16 -0.14 9.82 0.06 0.12 -0.07 -9.02 32.90 21.26

0.16 -0.14 9.82 0.13 0.12 -0.07 -9.02 32.90 21.26

0.16 -0.14 9.82 0.13 0.06 -0.13 -9.02 32.90 21.26

0.16 -0.14 9.82 0.06 0.06 -0.07 -9.02 32.90 21.26

0.16 -0.14 9.82 0.06 0.06 -0.01 -9.02 32.90 21.26

0.16 -0.13 9.83 0.06 0.06 -0.01 -9.02 32.90 21.26

0.16 -0.13 9.83 0.06 0.06 -0.07 -9.02 32.90 21.26

0.15 -0.14 9.82 0.06 0.12 -0.07 -8.11 32.88 19.41

0.16 -0.14 9.82 0.06 0.18 -0.07 -8.11 32.88 19.41

0.17 -0.15 9.82 0.06 0.12 -0.07 -8.11 32.88 19.41

0.17 -0.14 9.82 0.06 0.12 0.05 -8.11 32.88 19.41

0.17 -0.14 9.82 0.06 0.12 0.05 -8.11 32.88 19.41

0.17 -0.11 9.84 0.00 0.06 0.05 -8.11 32.88 19.41

0.16 -0.11 9.84 -0.06 0.06 -0.01 -8.11 32.88 19.41

0.15 -0.12 9.83 0.00 0.12 -0.01 -9.05 33.79 17.56

0.16 -0.14 9.82 0.06 0.18 -0.13 -9.05 33.79 17.56

0.17 -0.15 9.80 0.13 0.12 -0.13 -9.05 33.79 17.56

0.17 -0.15 9.82 0.13 0.12 -0.01 -9.05 33.79 17.56

0.17 -0.15 9.83 0.06 0.06 -0.01 -9.05 33.79 17.56

0.16 -0.13 9.84 0.06 0.06 0.11 -9.01 32.91 22.19

0.17 -0.14 9.82 0.06 0.12 0.05 -9.01 32.91 22.19

0.16 -0.15 9.82 0.06 0.12 -0.01 -9.01 32.91 22.19

0.16 -0.15 9.81 -0.06 0.06 -0.13 -9.01 32.91 22.19

0.16 -0.14 9.82 -0.12 0.06 -0.07 -9.01 32.91 22.19

0.15 -0.13 9.83 0.00 0.06 0.05 -9.04 34.70 21.27

0.15 -0.13 9.82 0.13 0.06 -0.01 -9.04 34.70 21.27

0.16 -0.14 9.82 0.13 0.12 -0.07 -9.04 34.70 21.27

0.17 -0.15 9.81 0.13 0.12 -0.01 -9.04 34.70 21.27

0.17 -0.15 9.81 0.13 0.12 -0.01 -9.04 34.70 21.27

0.16 -0.16 9.82 0.00 0.12 -0.01 -9.04 34.70 21.27

0.15 -0.14 9.82 0.06 0.06 -0.01 -9.04 34.70 21.27

0.15 -0.13 9.82 0.13 0.06 -0.01 -8.09 32.90 22.20

0.16 -0.14 9.81 0.13 0.06 -0.01 -8.09 32.90 22.20

0.16 -0.14 9.82 0.06 0.12 -0.01 -8.09 32.90 22.20

0.16 -0.14 9.82 0.13 0.12 -0.01 -8.09 32.90 22.20

0.16 -0.14 9.81 0.06 0.06 -0.01 -8.09 32.90 22.20

0.16 -0.15 9.81 0.00 0.06 0.05 -8.09 32.90 22.20

0.16 -0.15 9.83 0.00 -0.00 -0.01 -8.09 32.90 22.20

0.16 -0.14 9.83 0.06 0.12 -0.01 -9.95 31.10 17.54

0.16 -0.13 9.84 0.00 0.12 -0.01 -9.95 31.10 17.54

0.15 -0.14 9.83 -0.06 0.12 -0.07 -9.95 31.10 17.54

0.15 -0.15 9.80 0.00 0.12 -0.01 -9.95 31.10 17.54

0.15 -0.15 9.80 0.00 0.12 -0.01 -9.95 31.10 17.54

0.16 -0.14 9.82 0.00 0.12 -0.01 -9.95 31.10 17.54

0.16 -0.14 9.81 0.06 0.06 -0.01 -10.84 32.94 24.03

0.15 -0.14 9.80 0.13 0.06 0.05 -10.84 32.94 24.03

0.15 -0.14 9.83 0.06 0.12 0.05 -10.84 32.94 24.03

0.15 -0.14 9.84 -0.06 0.06 0.05 -10.84 32.94 24.03

0.16 -0.14 9.85 0.06 0.06 -0.01 -10.84 32.94 24.03

0.14 -0.13 9.82 0.06 0.12 -0.07 -10.84 32.94 24.03

0.15 -0.13 9.81 0.06 0.12 -0.01 -10.84 32.94 24.03

0.16 -0.15 9.82 0.06 0.12 0.05 -11.76 31.14 21.23

0.16 -0.14 9.83 0.00 0.12 0.05 -11.76 31.14 21.23

0.15 -0.14 9.82 -0.06 0.12 -0.01 -11.76 31.14 21.23

0.15 -0.14 9.83 -0.06 0.06 0.05 -11.76 31.14 21.23

0.16 -0.14 9.83 -0.06 0.06 0.05 -11.76 31.14 21.23

0.16 -0.14 9.82 0.00 0.12 -0.01 -11.76 31.14 21.23

0.16 -0.14 9.82 0.00 0.18 -0.01 -11.76 31.14 21.23

0.16 -0.14 9.82 0.00 0.12 -0.01 -10.86 31.11 18.46

0.15 -0.14 9.82 0.00 0.12 -0.01 -10.86 31.11 18.46

0.17 -0.13 9.82 0.00 0.12 -0.01 -10.86 31.11 18.46

0.17 -0.13 9.82 0.06 0.06 -0.07 -10.86 31.11 18.46

0.16 -0.13 9.83 0.13 0.06 -0.07 -10.86 31.11 18.46

0.16 -0.14 9.82 0.06 0.06 -0.01 -10.86 31.11 18.46

0.16 -0.14 9.81 0.00 0.06 -0.07 -10.86 31.11 18.46

0.16 -0.15 9.83 0.06 0.06 -0.13 -10.87 32.01 18.46

0.15 -0.15 9.83 0.00 0.06 -0.13 -10.87 32.01 18.46

0.15 -0.14 9.82 0.00 0.06 -0.07 -10.87 32.01 18.46

0.16 -0.15 9.82 0.00 0.06 -0.01 -10.87 32.01 18.46

0.17 -0.15 9.82 0.00 0.06 0.05 -10.87 32.01 18.46

0.15 -0.13 9.82 0.00 0.06 0.05 -10.87 32.01 18.46

0.15 -0.14 9.83 0.00 0.06 -0.07 -10.86 32.92 21.25

0.16 -0.14 9.82 0.00 0.06 -0.07 -10.86 32.92 21.25

0.16 -0.13 9.82 0.13 0.06 -0.01 -10.86 32.92 21.25

0.16 -0.14 9.82 0.13 0.12 -0.01 -10.86 32.92 21.25

0.16 -0.14 9.82 0.06 0.06 -0.01 -10.86 32.92 21.25

0.16 -0.14 9.82 0.13 0.06 -0.07 -10.86 32.92 21.25

0.15 -0.13 9.83 0.13 0.06 -0.01 -10.86 32.92 21.25

0.14 -0.13 9.83 -0.06 0.06 0.05 -8.99 31.11 22.18

0.15 -0.13 9.83 -0.06 0.06 -0.01 -8.99 31.11 22.18

0.16 -0.14 9.83 0.06 0.12 -0.01 -8.99 31.11 22.18

0.16 -0.14 9.81 0.06 0.18 -0.01 -8.99 31.11 22.18

0.16 -0.14 9.80 0.00 0.12 -0.01 -8.99 31.11 22.18

0.16 -0.14 9.80 0.06 0.06 0.05 -8.99 31.11 22.18

0.16 -0.15 9.82 0.00 0.06 -0.01 -8.99 31.11 22.18

0.16 -0.15 9.82 -0.06 0.06 -0.01 -10.86 31.11 18.46

0.16 -0.15 9.83 -0.06 0.12 -0.01 -10.86 31.11 18.46

0.16 -0.14 9.82 0.06 0.12 -0.01 -10.86 31.11 18.46

0.16 -0.14 9.82 0.13 0.12 -0.01 -10.86 31.11 18.46

0.16 -0.14 9.81 0.06 0.18 -0.07 -10.86 31.11 18.46

0.16 -0.14 9.81 0.06 0.06 -0.01 -10.86 31.11 18.46

0.16 -0.11 9.82 0.00 -0.00 -0.01 -10.86 31.11 18.46

0.16 -0.11 9.83 0.00 0.06 -0.07 -9.93 31.11 19.39

0.15 -0.12 9.84 0.06 0.06 -0.07 -9.93 31.11 19.39

0.16 -0.13 9.84 0.06 0.06 -0.07 -9.93 31.11 19.39

0.16 -0.15 9.83 0.06 0.12 -0.07 -9.93 31.11 19.39

0.15 -0.16 9.82 0.13 0.12 -0.13 -9.93 31.11 19.39

0.15 -0.16 9.81 0.13 0.12 -0.01 -9.93 31.11 19.39

0.15 -0.14 9.83 0.00 0.12 -0.01 -9.93 31.11 19.39

0.15 -0.14 9.83 0.00 0.06 -0.01 -10.83 30.22 21.24

0.16 -0.14 9.83 0.00 0.06 -0.01 -10.83 30.22 21.24

0.16 -0.14 9.82 0.06 -0.00 -0.07 -10.83 30.22 21.24

0.15 -0.13 9.81 -0.06 -0.00 -0.07 -10.83 30.22 21.24

0.14 -0.12 9.81 -0.12 -0.00 -0.07 -10.83 30.22 21.24

0.14 -0.13 9.82 0.13 0.12 -0.13 -10.83 30.22 21.24

0.15 -0.15 9.82 0.19 0.12 -0.13 -9.01 32.91 22.19

0.16 -0.15 9.82 0.06 0.12 -0.01 -9.01 32.91 22.19

0.16 -0.15 9.83 0.06 0.06 -0.01 -9.01 32.91 22.19

0.17 -0.15 9.82 0.06 0.06 -0.07 -9.01 32.91 22.19

0.16 -0.15 9.80 0.00 0.06 -0.07 -9.01 32.91 22.19

0.14 -0.13 9.83 0.00 0.12 -0.01 -9.01 32.91 22.19

0.14 -0.12 9.85 0.00 0.12 -0.01 -9.01 32.91 22.19

0.16 -0.13 9.85 0.06 0.12 -0.07 -8.08 31.09 20.33

0.16 -0.14 9.83 0.06 0.18 -0.07 -8.08 31.09 20.33

0.15 -0.14 9.82 -0.06 0.18 -0.01 -8.08 31.09 20.33

0.15 -0.13 9.82 -0.12 0.12 -0.07 -8.08 31.09 20.33

0.15 -0.13 9.82 0.00 0.12 -0.01 -8.08 31.09 20.33

0.16 -0.14 9.82 0.00 0.06 -0.01 -8.08 31.09 20.33

0.17 -0.13 9.83 -0.06 0.18 -0.07 -8.08 31.09 20.33

0.17 -0.15 9.82 0.00 0.24 -0.07 -8.10 30.17 16.62

0.17 -0.14 9.81 0.06 0.12 -0.01 -8.10 30.17 16.62

0.16 -0.13 9.80 0.06 0.06 0.05 -8.10 30.17 16.62

0.15 -0.13 9.82 -0.12 -0.00 -0.01 -8.10 30.17 16.62

0.16 -0.13 9.84 -0.12 -0.00 -0.01 -8.10 30.17 16.62

0.15 -0.14 9.83 -0.06 0.06 -0.01 -8.10 30.17 16.62

0.15 -0.13 9.81 0.13 0.18 -0.07 -8.10 30.17 16.62

0.15 -0.13 9.80 0.06 0.12 -0.01 -10.84 32.03 22.17

0.16 -0.12 9.82 -0.12 -0.00 0.05 -10.84 32.03 22.17

0.16 -0.12 9.82 -0.24 -0.01 0.40 -10.84 32.03 22.17

0.17 -0.12 9.84 0.00 0.12 0.05 -10.84 32.03 22.17

0.15 -0.13 9.83 0.06 0.18 -0.01 -10.84 32.03 22.17

0.14 -0.14 9.83 0.13 0.30 -0.07 -10.84 32.03 22.17

0.15 -0.15 9.81 0.13 0.18 -0.13 -10.84 32.03 22.17

0.16 -0.15 9.80 0.06 0.06 -0.07 -7.17 30.16 17.55

0.17 -0.14 9.83 0.00 -0.00 0.05 -7.17 30.16 17.55

0.17 -0.13 9.84 0.06 0.06 0.05 -7.17 30.16 17.55

0.17 -0.13 9.83 0.06 0.06 -0.01 -7.17 30.16 17.55

0.14 -0.12 9.82 0.00 0.06 -0.01 -7.17 30.16 17.55

0.14 -0.11 9.83 0.00 0.12 -0.07 -7.17 30.16 17.55

0.14 -0.10 9.84 0.06 0.12 -0.07 -7.17 30.16 17.55

0.15 -0.14 9.82 0.13 0.18 -0.13 -10.82 29.32 21.23

0.17 -0.15 9.82 0.13 0.12 -0.07 -10.82 29.32 21.23

0.18 -0.17 9.83 0.06 0.12 -0.07 -10.82 29.32 21.23

0.18 -0.17 9.82 0.06 0.06 -0.07 -10.82 29.32 21.23

0.16 -0.16 9.81 0.06 0.12 -0.07 -10.82 29.32 21.23

0.15 -0.15 9.82 0.00 0.06 -0.01 -10.82 29.32 21.23

0.14 -0.12 9.83 -0.12 0.06 0.05 -10.82 29.32 21.23

0.14 -0.11 9.84 -0.06 0.06 0.05 -9.01 30.19 18.47

0.15 -0.12 9.84 0.13 0.06 0.05 -9.01 30.19 18.47

0.17 -0.12 9.81 0.19 0.12 -0.01 -9.01 30.19 18.47

0.18 -0.14 9.81 0.13 0.06 -0.07 -9.01 30.19 18.47

0.17 -0.15 9.82 0.06 0.06 -0.01 -9.01 30.19 18.47

0.17 -0.16 9.84 0.00 0.06 -0.01 -9.01 30.19 18.47

0.16 -0.16 9.84 -0.06 0.06 0.05 -9.01 30.19 18.47

0.13 -0.14 9.82 -0.06 0.06 0.05 -7.20 32.86 17.57

0.14 -0.13 9.82 0.00 -0.00 0.05 -7.20 32.86 17.57

0.16 -0.11 9.83 0.06 0.06 -0.01 -7.20 32.86 17.57

0.16 -0.11 9.83 0.13 0.06 -0.01 -7.20 32.86 17.57

0.16 -0.12 9.82 0.13 0.06 -0.01 -7.20 32.86 17.57

0.18 -0.14 9.81 0.06 0.06 -0.07 -7.20 32.86 17.57

0.17 -0.14 9.81 0.06 -0.00 -0.01 -7.14 29.27 19.40

0.15 -0.13 9.81 0.00 -0.00 0.05 -7.14 29.27 19.40

0.14 -0.12 9.82 -0.06 0.12 -0.01 -7.14 29.27 19.40

0.14 -0.11 9.85 0.00 0.12 -0.01 -7.14 29.27 19.40

0.15 -0.12 9.84 0.06 0.06 0.05 -7.14 29.27 19.40

0.17 -0.14 9.82 0.13 0.12 0.05 -7.14 29.27 19.40

0.18 -0.15 9.82 0.13 0.12 -0.01 -7.14 29.27 19.40

0.17 -0.15 9.81 0.00 0.18 -0.07 -9.88 29.33 24.02

0.15 -0.15 9.81 -0.06 0.12 -0.07 -9.88 29.33 24.02

0.14 -0.14 9.82 0.06 -0.00 -0.01 -9.88 29.33 24.02

0.15 -0.12 9.83 0.06 0.06 -0.07 -9.88 29.33 24.02

0.15 -0.13 9.83 0.06 0.12 -0.01 -9.88 29.33 24.02

0.15 -0.13 9.82 0.06 0.18 -0.07 -9.88 29.33 24.02

0.17 -0.14 9.80 0.13 0.18 -0.07 -9.88 29.33 24.02

0.17 -0.15 9.80 0.00 0.06 -0.01 -7.18 31.97 18.49

0.15 -0.15 9.80 -0.06 0.06 -0.01 -7.18 31.97 18.49

0.15 -0.14 9.81 0.06 0.06 -0.07 -7.18 31.97 18.49

0.14 -0.13 9.83 0.06 0.06 -0.01 -7.18 31.97 18.49

0.15 -0.13 9.83 0.06 0.06 -0.01 -7.18 31.97 18.49

0.15 -0.14 9.83 0.00 0.06 -0.01 -7.18 31.97 18.49

0.16 -0.14 9.82 0.06 0.06 -0.01 -7.18 31.97 18.49

0.17 -0.14 9.82 0.06 0.06 -0.01 -11.75 28.42 18.44

0.17 -0.13 9.82 0.00 0.06 -0.01 -11.75 28.42 18.44

0.16 -0.12 9.81 0.06 0.06 0.05 -11.75 28.42 18.44

0.15 -0.12 9.82 0.06 0.06 0.05 -11.75 28.42 18.44

0.15 -0.12 9.82 0.06 0.06 0.05 -11.75 28.42 18.44

0.15 -0.13 9.82 0.13 0.12 -0.01 -11.75 28.42 18.44

0.15 -0.14 9.83 0.19 0.12 -0.01 -11.75 28.42 18.44

0.15 -0.14 9.83 0.06 0.12 -0.01 -7.15 31.08 21.27

0.16 -0.16 9.83 0.00 0.12 -0.01 -7.15 31.08 21.27

0.17 -0.17 9.83 0.06 0.18 -0.01 -7.15 31.08 21.27

0.16 -0.14 9.82 0.13 0.12 -0.01 -7.15 31.08 21.27

0.16 -0.13 9.82 0.00 0.06 0.05 -7.15 31.08 21.27

0.15 -0.11 9.82 -0.06 -0.00 0.05 -7.15 31.08 21.27

0.16 -0.12 9.84 -0.06 -0.00 0.05 -9.04 31.08 15.69

0.16 -0.12 9.84 0.00 0.06 -0.01 -9.04 31.08 15.69

0.16 -0.12 9.82 -0.12 0.05 0.34 -9.04 31.08 15.69

0.16 -0.12 9.82 0.13 0.18 -0.07 -9.04 31.08 15.69

0.16 -0.14 9.80 0.19 0.18 -0.07 -9.04 31.08 15.69

0.16 -0.13 9.80 0.06 0.12 -0.01 -9.04 31.08 15.69

0.15 -0.13 9.82 0.00 -0.00 -0.07 -9.04 31.08 15.69

0.15 -0.13 9.83 0.00 -0.00 -0.07 -9.04 31.08 15.69

0.15 -0.13 9.83 0.00 0.12 -0.07 -8.05 32.01 24.98

0.14 -0.14 9.83 0.00 0.12 -0.07 -8.05 32.01 24.98

0.15 -0.13 9.82 0.06 0.12 -0.01 -8.05 32.01 24.98

0.16 -0.14 9.80 0.06 0.18 -0.07 -8.05 32.01 24.98

0.16 -0.14 9.81 0.06 0.12 -0.01 -8.05 32.01 24.98

0.17 -0.13 9.82 0.06 0.12 -0.01 -8.05 32.01 24.98

0.17 -0.14 9.82 0.06 0.06 0.05 -8.05 32.01 24.98

0.16 -0.14 9.82 0.06 -0.00 -0.01 -8.95 29.32 24.03

0.14 -0.13 9.83 0.00 0.06 -0.01 -8.95 29.32 24.03

0.15 -0.13 9.82 0.13 0.12 0.05 -8.95 29.32 24.03

0.15 -0.14 9.82 0.13 0.12 0.05 -8.95 29.32 24.03

0.15 -0.14 9.81 0.06 0.06 -0.07 -8.95 29.32 24.03

0.15 -0.15 9.82 0.06 0.06 -0.01 -8.95 29.32 24.03

0.15 -0.14 9.83 0.13 -0.00 -0.01 -9.03 32.89 19.41

0.15 -0.14 9.83 0.19 0.12 -0.01 -9.03 32.89 19.41

0.15 -0.14 9.80 0.19 0.12 -0.07 -9.03 32.89 19.41

0.16 -0.14 9.80 0.00 0.06 -0.07 -9.03 32.89 19.41

0.18 -0.13 9.83 -0.06 0.12 -0.07 -9.03 32.89 19.41

0.17 -0.13 9.84 -0.06 0.12 -0.01 -9.03 32.89 19.41

0.16 -0.12 9.83 0.06 0.12 -0.01 -9.03 32.89 19.41

0.16 -0.12 9.81 0.06 0.12 -0.01 -11.79 32.94 21.24

0.15 -0.12 9.82 0.00 0.06 -0.01 -11.79 32.94 21.24

0.14 -0.14 9.83 0.00 0.06 -0.01 -11.79 32.94 21.24

0.15 -0.15 9.83 0.06 0.12 -0.01 -11.79 32.94 21.24

0.16 -0.14 9.83 0.06 0.06 -0.01 -11.79 32.94 21.24

0.16 -0.13 9.82 0.00 0.12 -0.01 -11.79 32.94 21.24

0.16 -0.14 9.82 0.00 0.06 -0.07 -11.79 32.94 21.24

0.16 -0.14 9.82 0.06 0.12 -0.01 -9.91 31.12 22.17

0.17 -0.14 9.83 0.00 0.12 -0.01 -9.91 31.12 22.17

0.15 -0.13 9.83 0.00 0.12 -0.01 -9.91 31.12 22.17

0.16 -0.12 9.82 0.00 0.06 -0.07 -9.91 31.12 22.17

0.16 -0.12 9.82 0.00 0.06 -0.07 -9.91 31.12 22.17

0.16 -0.13 9.83 0.00 0.12 -0.07 -9.91 31.12 22.17

0.15 -0.14 9.82 0.06 0.18 -0.01 -9.91 31.12 22.17

0.15 -0.14 9.81 0.06 0.18 -0.01 -9.00 32.01 22.19

0.15 -0.14 9.81 0.06 0.12 -0.01 -9.00 32.01 22.19

0.15 -0.15 9.82 0.00 0.06 -0.01 -9.00 32.01 22.19

0.16 -0.15 9.82 0.06 0.06 0.05 -9.00 32.01 22.19

0.16 -0.14 9.81 0.13 0.06 0.05 -9.00 32.01 22.19

0.16 -0.14 9.84 0.06 0.06 -0.01 -9.00 32.01 22.19

0.15 -0.13 9.84 0.06 0.12 -0.13 -9.00 32.01 22.19

0.14 -0.13 9.82 0.13 0.18 -0.13 -9.92 29.30 18.45

0.14 -0.14 9.83 0.00 0.12 -0.07 -9.92 29.30 18.45

0.15 -0.14 9.81 0.06 0.06 -0.07 -9.92 29.30 18.45

0.16 -0.14 9.79 0.13 0.06 -0.01 -9.92 29.30 18.45

0.17 -0.15 9.79 0.06 0.06 -0.01 -9.92 29.30 18.45

0.17 -0.15 9.83 -0.06 0.06 0.05 -9.92 29.30 18.45

0.16 -0.14 9.84 -0.06 0.06 -0.01 -10.84 30.22 19.38

0.13 -0.13 9.82 0.13 0.06 -0.01 -10.84 30.22 19.38

0.13 -0.13 9.81 0.06 0.12 0.05 -10.84 30.22 19.38

0.15 -0.14 9.82 0.00 0.06 0.11 -10.84 30.22 19.38

0.16 -0.14 9.82 -0.06 0.06 0.05 -10.84 30.22 19.38

0.17 -0.16 9.81 0.00 0.06 -0.01 -10.84 30.22 19.38

0.17 -0.14 9.81 0.00 0.06 -0.01 -10.84 30.22 19.38

0.16 -0.12 9.82 -0.06 0.06 -0.01 -11.78 30.22 17.52

0.14 -0.10 9.84 -0.06 0.06 -0.01 -11.78 30.22 17.52

0.14 -0.10 9.84 0.00 0.12 0.05 -11.78 30.22 17.52

0.14 -0.10 9.84 -0.12 0.11 0.40 -11.78 30.22 17.52

0.15 -0.11 9.83 0.06 0.18 -0.01 -11.78 30.22 17.52

0.16 -0.13 9.83 0.06 0.24 -0.07 -11.78 30.22 17.52

0.16 -0.14 9.84 0.06 0.30 -0.13 -11.78 30.22 17.52

0.16 -0.16 9.85 -0.06 0.30 -0.13 -11.78 30.22 17.52

0.14 -0.17 9.83 -0.06 0.36 -0.07 -10.82 28.42 20.30

0.14 -0.16 9.82 -0.24 0.36 -0.07 -10.82 28.42 20.30

0.13 -0.18 9.84 -0.24 0.36 -0.13 -10.82 28.42 20.30

0.12 -0.20 9.85 -0.30 0.48 -0.01 -10.82 28.42 20.30

0.07 -0.20 9.79 -0.06 0.61 -0.01 -10.82 28.42 20.30

0.10 -0.20 9.81 -0.36 0.61 0.11 -10.82 28.42 20.30

0.18 -0.14 9.84 -0.91 0.42 0.17 -8.97 30.21 23.11

0.26 -0.08 9.77 -0.30 0.48 -0.01 -8.97 30.21 23.11

0.23 -0.05 9.75 -0.12 0.18 -0.13 -8.97 30.21 23.11

0.22 -0.00 9.80 -0.36 0.06 -0.01 -8.97 30.21 23.11

0.21 0.02 9.85 -0.06 -0.00 0.05 -8.97 30.21 23.11

0.17 -0.04 9.81 0.49 0.12 -0.01 -8.97 30.21 23.11

0.16 -0.08 9.80 0.55 0.12 -0.07 -8.97 30.21 23.11

0.14 -0.14 9.80 0.43 0.06 -0.13 -9.94 32.01 20.32

0.15 -0.21 9.84 0.37 -0.00 -0.13 -9.94 32.01 20.32

0.14 -0.24 9.84 0.25 0.06 -0.07 -9.94 32.01 20.32

0.13 -0.22 9.85 0.00 0.12 -0.01 -9.94 32.01 20.32

0.13 -0.20 9.82 -0.18 0.18 0.11 -9.94 32.01 20.32

0.13 -0.16 9.81 -0.36 0.18 0.17 -9.94 32.01 20.32

0.15 -0.07 9.82 -0.30 0.12 0.11 -9.94 32.01 20.32

0.17 -0.04 9.82 -0.06 0.12 -0.01 -8.99 30.20 20.32

0.20 -0.04 9.79 0.06 0.18 -0.01 -8.99 30.20 20.32

0.21 -0.05 9.80 0.13 0.12 -0.01 -8.99 30.20 20.32

0.19 -0.11 9.82 0.19 0.06 -0.07 -8.99 30.20 20.32

0.17 -0.14 9.83 0.19 0.06 -0.01 -8.99 30.20 20.32

0.15 -0.15 9.83 0.19 0.06 -0.01 -8.99 30.20 20.32

0.12 -0.16 9.84 0.19 0.06 -0.01 -8.99 30.20 20.32

0.13 -0.18 9.84 0.13 0.12 -0.07 -9.92 31.11 20.32

0.15 -0.18 9.82 0.00 0.12 -0.07 -9.92 31.11 20.32

0.16 -0.17 9.82 -0.12 0.12 0.05 -9.92 31.11 20.32

0.18 -0.11 9.83 -0.18 0.06 0.11 -9.92 31.11 20.32

0.19 -0.07 9.82 -0.12 0.12 -0.01 -9.92 31.11 20.32

0.20 -0.06 9.81 -0.06 0.12 -0.07 -9.92 31.11 20.32

0.18 -0.06 9.80 0.00 0.12 -0.07 -9.92 31.11 20.32

0.17 -0.08 9.81 0.13 0.06 -0.07 -9.99 32.88 14.76

0.15 -0.11 9.82 0.13 -0.00 -0.07 -9.99 32.88 14.76

0.16 -0.13 9.83 0.19 0.18 -0.07 -9.99 32.88 14.76

0.15 -0.17 9.82 0.19 0.18 -0.07 -9.99 32.88 14.76

0.15 -0.17 9.82 0.06 0.12 -0.07 -9.99 32.88 14.76

0.15 -0.17 9.83 -0.06 0.06 -0.01 -9.99 32.88 14.76

0.15 -0.15 9.83 -0.12 0.06 0.05 -9.92 31.11 21.25

0.16 -0.14 9.82 -0.06 0.06 0.05 -9.92 31.11 21.25

0.17 -0.11 9.82 0.00 0.18 -0.01 -9.92 31.11 21.25

0.17 -0.09 9.82 0.06 0.12 -0.01 -9.92 31.11 21.25

0.18 -0.10 9.82 0.13 -0.00 -0.01 -9.92 31.11 21.25

0.17 -0.11 9.83 0.13 -0.00 -0.01 -9.92 31.11 21.25

0.17 -0.12 9.84 0.06 -0.00 0.05 -9.92 31.11 21.25

0.16 -0.14 9.84 0.06 -0.00 -0.01 -9.95 32.91 20.33

0.16 -0.14 9.84 0.19 0.12 -0.07 -9.95 32.91 20.33

0.16 -0.15 9.81 0.07 0.11 0.28 -9.95 32.91 20.33

0.16 -0.15 9.81 0.06 0.06 -0.13 -9.95 32.91 20.33

0.16 -0.14 9.83 0.06 -0.00 -0.07 -9.95 32.91 20.33

0.16 -0.14 9.84 0.00 0.06 -0.01 -9.95 32.91 20.33

0.17 -0.13 9.84 -0.06 0.12 -0.01 -9.95 32.91 20.33

0.18 -0.13 9.83 -0.12 0.18 -0.01 -9.95 32.91 20.33

0.17 -0.12 9.82 -0.06 0.12 -0.01 -9.00 31.10 20.33

0.16 -0.10 9.81 0.00 0.06 -0.01 -9.00 31.10 20.33

0.17 -0.10 9.82 0.13 0.06 0.05 -9.00 31.10 20.33

0.17 -0.12 9.83 0.19 0.12 -0.01 -9.00 31.10 20.33

0.17 -0.13 9.82 0.19 0.18 -0.01 -9.00 31.10 20.33

0.17 -0.13 9.82 0.13 0.12 -0.01 -9.00 31.10 20.33

0.17 -0.13 9.83 0.00 0.06 0.05 -8.07 31.09 21.26

0.17 -0.13 9.84 0.00 0.06 -0.01 -8.07 31.09 21.26

0.16 -0.14 9.83 0.00 0.12 -0.01 -8.07 31.09 21.26

0.15 -0.13 9.82 0.00 0.18 0.05 -8.07 31.09 21.26

0.16 -0.12 9.80 -0.06 0.18 0.05 -8.07 31.09 21.26

0.17 -0.11 9.80 0.13 0.06 -0.01 -8.07 31.09 21.26

0.18 -0.11 9.82 0.13 0.06 -0.07 -8.07 31.09 21.26

0.18 -0.11 9.82 0.13 0.06 -0.07 -9.02 32.90 20.34

0.18 -0.12 9.81 0.13 -0.00 -0.01 -9.02 32.90 20.34

0.17 -0.13 9.81 0.06 0.06 -0.01 -9.02 32.90 20.34

0.16 -0.13 9.82 0.06 0.06 0.05 -9.02 32.90 20.34

0.16 -0.13 9.83 0.06 0.06 0.05 -9.02 32.90 20.34

0.17 -0.13 9.83 0.06 -0.00 -0.01 -9.02 32.90 20.34

0.17 -0.13 9.83 0.06 -0.00 -0.01 -9.02 32.90 20.34

0.17 -0.12 9.84 0.00 0.06 -0.07 -11.77 31.13 20.31

0.17 -0.12 9.82 0.00 0.12 -0.01 -11.77 31.13 20.31

0.17 -0.14 9.82 0.06 0.06 -0.01 -11.77 31.13 20.31

0.17 -0.14 9.83 0.00 0.12 0.05 -11.77 31.13 20.31

0.17 -0.13 9.82 0.06 0.12 0.05 -11.77 31.13 20.31

0.16 -0.12 9.81 0.06 0.12 -0.01 -11.77 31.13 20.31

0.15 -0.11 9.82 0.00 0.12 -0.01 -11.77 31.13 20.31

0.16 -0.12 9.84 0.00 0.06 -0.01 -10.84 28.41 17.52

0.17 -0.12 9.83 0.13 0.06 -0.07 -10.84 28.41 17.52

0.16 -0.13 9.82 0.06 0.06 -0.07 -10.84 28.41 17.52

0.17 -0.13 9.81 0.00 0.12 -0.07 -10.84 28.41 17.52

0.17 -0.13 9.82 0.00 0.12 -0.01 -10.84 28.41 17.52

0.17 -0.13 9.83 -0.06 0.12 -0.01 -10.84 28.41 17.52

0.17 -0.13 9.82 0.00 0.12 -0.01 -10.84 28.41 17.52

0.16 -0.13 9.81 0.06 0.12 -0.01 -9.05 31.98 15.69

0.16 -0.13 9.82 0.13 0.12 -0.01 -9.05 31.98 15.69

0.17 -0.11 9.82 0.13 0.06 -0.07 -9.05 31.98 15.69

0.17 -0.12 9.82 0.00 0.12 -0.01 -9.05 31.98 15.69

0.16 -0.13 9.82 0.00 0.18 -0.01 -9.05 31.98 15.69

0.15 -0.13 9.82 0.00 0.18 -0.01 -9.05 31.98 15.69

0.16 -0.14 9.82 0.06 0.06 -0.01 -8.09 31.99 20.34

0.18 -0.14 9.82 0.00 0.06 -0.07 -8.09 31.99 20.34

0.17 -0.13 9.83 -0.06 0.12 -0.07 -8.09 31.99 20.34

0.16 -0.12 9.83 0.06 0.12 -0.01 -8.09 31.99 20.34

0.16 -0.12 9.82 0.00 0.06 -0.01 -8.09 31.99 20.34

0.16 -0.12 9.82 -0.06 0.06 -0.07 -8.09 31.99 20.34

0.16 -0.11 9.83 -0.06 0.12 -0.07 -8.09 31.99 20.34

0.17 -0.11 9.83 0.00 0.18 -0.01 -7.21 33.76 17.57

0.17 -0.12 9.82 0.06 0.18 -0.01 -7.21 33.76 17.57

0.16 -0.12 9.82 0.06 0.12 -0.07 -7.21 33.76 17.57

0.16 -0.13 9.81 0.00 0.06 -0.07 -7.21 33.76 17.57

0.17 -0.13 9.82 -0.06 -0.00 -0.01 -7.21 33.76 17.57

0.17 -0.13 9.83 -0.12 0.06 -0.01 -7.21 33.76 17.57

0.16 -0.12 9.84 0.00 0.06 -0.07 -7.21 33.76 17.57

0.16 -0.13 9.83 0.06 -0.00 -0.01 -10.82 31.14 24.02

0.16 -0.14 9.82 0.06 -0.00 -0.01 -10.82 31.14 24.02

0.16 -0.13 9.81 0.06 0.12 -0.01 -10.82 31.14 24.02

0.17 -0.12 9.82 0.00 0.12 0.05 -10.82 31.14 24.02

0.17 -0.13 9.82 0.00 0.12 -0.01 -10.82 31.14 24.02

0.16 -0.12 9.82 0.06 0.06 -0.01 -10.82 31.14 24.02

0.16 -0.11 9.80 0.13 0.06 -0.01 -10.82 31.14 24.02

0.17 -0.12 9.81 0.06 -0.00 -0.01 -9.93 31.11 19.39

0.17 -0.13 9.83 0.06 -0.00 -0.01 -9.93 31.11 19.39

0.16 -0.13 9.83 0.00 0.06 -0.07 -9.93 31.11 19.39

0.17 -0.12 9.82 0.00 0.12 -0.01 -9.93 31.11 19.39

0.17 -0.12 9.81 0.13 0.12 0.05 -9.93 31.11 19.39

0.17 -0.13 9.81 0.06 0.06 0.05 -9.93 31.11 19.39

0.17 -0.12 9.82 0.00 0.06 0.05 -9.93 31.11 19.39

0.17 -0.12 9.82 -0.06 0.12 -0.01 -8.07 30.19 20.33

0.16 -0.12 9.83 -0.06 0.06 -0.07 -8.07 30.19 20.33

0.16 -0.11 9.83 0.06 0.06 -0.07 -8.07 30.19 20.33

0.16 -0.11 9.83 -0.06 0.05 0.28 -8.07 30.19 20.33

0.17 -0.12 9.81 0.06 0.12 -0.01 -8.07 30.19 20.33

0.17 -0.12 9.81 0.06 0.18 -0.07 -8.07 30.19 20.33

0.17 -0.12 9.81 0.00 0.12 -0.13 -8.07 30.19 20.33

0.15 -0.13 9.82 0.00 0.12 -0.07 -8.08 31.09 20.33

0.16 -0.13 9.82 0.00 0.18 -0.07 -8.08 31.09 20.33

0.17 -0.13 9.81 0.00 0.12 0.05 -8.08 31.09 20.33

0.18 -0.12 9.81 -0.12 0.11 0.40 -8.08 31.09 20.33

0.18 -0.12 9.81 0.00 -0.00 0.05 -8.08 31.09 20.33

0.17 -0.12 9.83 -0.06 0.06 0.05 -8.08 31.09 20.33

0.17 -0.12 9.83 0.00 0.12 -0.07 -8.08 31.09 20.33

0.17 -0.11 9.82 0.06 0.12 -0.13 -9.93 31.11 19.39

0.17 -0.12 9.81 0.06 0.06 -0.01 -9.93 31.11 19.39

0.16 -0.12 9.81 0.06 0.06 0.05 -9.93 31.11 19.39

0.15 -0.13 9.82 0.00 0.06 0.05 -9.93 31.11 19.39

0.16 -0.12 9.82 0.06 0.12 -0.01 -9.93 31.11 19.39

0.16 -0.12 9.82 0.06 0.06 -0.01 -9.93 31.11 19.39

0.17 -0.12 9.82 0.00 0.06 0.05 -9.93 31.11 19.39

0.16 -0.12 9.82 0.00 0.06 0.05 -10.87 31.11 17.53

0.16 -0.12 9.82 0.06 0.06 -0.07 -10.87 31.11 17.53

0.17 -0.12 9.81 0.00 0.06 -0.07 -10.87 31.11 17.53

0.17 -0.11 9.83 -0.06 0.12 -0.07 -10.87 31.11 17.53

0.17 -0.12 9.83 0.00 0.18 -0.01 -10.87 31.11 17.53

0.17 -0.11 9.81 0.06 0.18 -0.01 -10.87 31.11 17.53

0.17 -0.12 9.82 0.06 0.06 0.05 -10.87 31.11 17.53

0.17 -0.13 9.83 0.06 -0.00 0.11 -10.84 32.03 23.10

0.17 -0.13 9.82 0.00 0.12 -0.01 -10.84 32.03 23.10

0.17 -0.12 9.82 0.00 0.12 -0.07 -10.84 32.03 23.10

0.16 -0.11 9.83 0.00 0.06 -0.01 -10.84 32.03 23.10

0.17 -0.12 9.83 0.06 0.06 -0.01 -10.84 32.03 23.10

0.17 -0.12 9.82 0.00 0.18 -0.01 -10.84 32.03 23.10

0.16 -0.12 9.82 0.00 0.12 -0.01 -10.84 32.03 23.10

0.16 -0.12 9.82 0.00 0.06 -0.01 -9.93 32.01 21.25

0.16 -0.13 9.82 0.06 0.06 -0.07 -9.93 32.01 21.25

0.16 -0.13 9.82 0.06 0.06 -0.07 -9.93 32.01 21.25

0.15 -0.12 9.82 0.06 0.06 -0.01 -9.93 32.01 21.25

0.16 -0.12 9.82 -0.06 0.12 0.05 -9.93 32.01 21.25

0.16 -0.12 9.83 -0.06 0.12 0.05 -9.93 32.01 21.25

0.17 -0.12 9.83 0.06 0.12 -0.01 -10.86 32.92 21.25

0.15 -0.10 9.81 0.13 0.12 -0.07 -10.86 32.92 21.25

0.16 -0.11 9.81 0.13 0.12 -0.07 -10.86 32.92 21.25

0.16 -0.13 9.82 0.00 0.06 -0.01 -10.86 32.92 21.25

0.17 -0.13 9.82 0.00 0.12 0.05 -10.86 32.92 21.25

0.17 -0.12 9.81 0.00 0.18 -0.01 -10.86 32.92 21.25

0.17 -0.12 9.80 0.00 0.12 -0.01 -10.86 32.92 21.25

0.17 -0.12 9.81 0.06 0.06 -0.01 -10.94 37.41 18.49

0.16 -0.12 9.83 0.00 0.06 0.05 -10.94 37.41 18.49

0.15 -0.12 9.83 0.00 0.12 0.05 -10.94 37.41 18.49

0.16 -0.11 9.82 0.13 0.06 -0.01 -10.94 37.41 18.49

0.17 -0.13 9.82 0.13 -0.00 -0.01 -10.94 37.41 18.49

0.17 -0.13 9.82 0.00 -0.00 -0.07 -10.94 37.41 18.49

0.18 -0.13 9.81 0.00 0.06 -0.07 -10.94 37.41 18.49

0.17 -0.13 9.80 -0.06 0.12 -0.13 -7.16 31.98 21.27

0.15 -0.12 9.81 0.00 0.06 -0.07 -7.16 31.98 21.27

0.15 -0.11 9.82 0.00 -0.00 -0.01 -7.16 31.98 21.27

0.16 -0.11 9.84 0.06 -0.00 -0.01 -7.16 31.98 21.27

0.17 -0.14 9.82 0.13 0.06 -0.01 -7.16 31.98 21.27

0.17 -0.14 9.80 0.13 0.12 -0.07 -7.16 31.98 21.27

0.17 -0.13 9.81 0.13 0.06 -0.01 -7.16 31.98 21.27

0.17 -0.13 9.81 0.00 0.06 -0.01 -8.08 31.09 20.33

0.17 -0.13 9.82 0.00 -0.00 -0.01 -8.08 31.09 20.33

0.15 -0.12 9.82 0.00 -0.00 -0.07 -8.08 31.09 20.33

0.15 -0.12 9.83 0.00 0.12 0.05 -8.08 31.09 20.33

0.16 -0.13 9.84 0.06 0.12 0.05 -8.08 31.09 20.33

0.16 -0.14 9.83 0.13 0.12 0.05 -8.08 31.09 20.33

0.17 -0.13 9.81 0.13 0.06 -0.01 -8.08 31.09 20.33

0.17 -0.13 9.82 0.06 0.06 -0.07 -13.63 32.96 21.23

0.17 -0.14 9.82 0.00 0.06 -0.01 -13.63 32.96 21.23

0.17 -0.12 9.81 0.00 0.06 -0.01 -13.63 32.96 21.23

0.16 -0.12 9.82 -0.12 0.12 -0.01 -13.63 32.96 21.23

0.16 -0.11 9.83 -0.06 0.12 -0.01 -13.63 32.96 21.23

0.17 -0.11 9.83 0.13 0.12 -0.01 -13.63 32.96 21.23

0.17 -0.13 9.82 0.19 0.18 -0.01 -8.06 31.10 22.19

0.17 -0.13 9.81 0.06 0.06 0.05 -8.06 31.10 22.19

0.17 -0.13 9.81 0.00 0.06 0.05 -8.06 31.10 22.19

0.17 -0.14 9.81 0.06 0.12 -0.01 -8.06 31.10 22.19

0.16 -0.14 9.82 0.06 0.18 -0.07 -8.06 31.10 22.19

0.15 -0.13 9.83 0.00 0.18 -0.07 -8.06 31.10 22.19

0.16 -0.13 9.82 0.06 0.06 -0.01 -8.06 31.10 22.19

0.17 -0.12 9.81 0.00 0.12 0.05 -9.01 32.00 20.33

0.17 -0.12 9.81 0.06 0.18 -0.01 -9.01 32.00 20.33

0.17 -0.11 9.81 0.13 0.18 -0.07 -9.01 32.00 20.33

0.18 -0.12 9.81 0.06 0.12 -0.07 -9.01 32.00 20.33

0.17 -0.12 9.82 0.06 0.06 -0.01 -9.01 32.00 20.33

0.15 -0.12 9.83 0.06 0.06 -0.01 -9.01 32.00 20.33

0.15 -0.12 9.82 0.06 0.06 -0.07 -9.01 32.00 20.33

0.15 -0.12 9.83 0.06 0.06 -0.07 -9.00 31.10 20.33

0.16 -0.12 9.83 0.00 -0.00 -0.07 -9.00 31.10 20.33

0.17 -0.13 9.83 0.06 -0.00 -0.01 -9.00 31.10 20.33

0.18 -0.13 9.82 0.06 0.06 -0.01 -9.00 31.10 20.33

0.18 -0.13 9.81 0.00 0.06 0.05 -9.00 31.10 20.33

0.17 -0.11 9.82 -0.06 0.06 -0.01 -9.00 31.10 20.33

0.17 -0.10 9.83 -0.06 -0.00 -0.01 -9.00 31.10 20.33

0.15 -0.10 9.83 0.06 0.06 0.05 -11.80 33.84 21.25

0.15 -0.11 9.82 0.19 0.12 0.05 -11.80 33.84 21.25

0.16 -0.12 9.82 0.13 0.18 -0.01 -11.80 33.84 21.25

0.18 -0.14 9.81 0.13 0.12 -0.07 -11.80 33.84 21.25

0.17 -0.14 9.81 0.06 0.06 -0.01 -11.80 33.84 21.25

0.16 -0.14 9.82 0.00 0.06 -0.01 -11.80 33.84 21.25

0.16 -0.12 9.83 -0.06 0.06 -0.07 -11.80 33.84 21.25

0.15 -0.11 9.83 -0.06 0.06 -0.07 -8.07 31.09 21.26

0.15 -0.12 9.83 0.00 0.06 -0.01 -8.07 31.09 21.26

0.16 -0.12 9.82 0.06 0.12 -0.01 -8.07 31.09 21.26

0.18 -0.12 9.82 0.13 0.12 -0.01 -8.07 31.09 21.26

0.18 -0.11 9.83 0.13 0.06 -0.01 -8.07 31.09 21.26

0.17 -0.11 9.82 0.06 0.06 -0.01 -8.07 31.09 21.26

0.17 -0.12 9.83 0.06 0.06 -0.01 -9.93 32.01 21.25

0.16 -0.12 9.84 0.13 0.06 -0.01 -9.93 32.01 21.25

0.15 -0.12 9.83 0.13 0.12 -0.01 -9.93 32.01 21.25

0.15 -0.12 9.82 0.13 0.12 0.05 -9.93 32.01 21.25

0.17 -0.11 9.83 0.06 0.06 0.05 -9.93 32.01 21.25

0.17 -0.11 9.83 0.00 0.06 -0.01 -9.93 32.01 21.25

0.17 -0.12 9.83 0.06 0.12 -0.01 -9.93 32.01 21.25

0.17 -0.12 9.82 0.13 0.12 -0.07 -10.85 32.93 22.18

0.17 -0.13 9.81 0.13 0.06 -0.20 -10.85 32.93 22.18

0.17 -0.13 9.82 0.06 0.06 -0.13 -10.85 32.93 22.18

0.17 -0.13 9.82 0.00 0.12 0.05 -10.85 32.93 22.18

0.14 -0.12 9.83 0.00 0.12 0.05 -10.85 32.93 22.18

0.14 -0.12 9.83 0.19 0.18 -0.01 -10.85 32.93 22.18

0.14 -0.12 9.83 0.07 0.17 0.34 -10.85 32.93 22.18

0.18 -0.12 9.82 0.13 0.12 -0.07 -10.85 32.93 22.18

0.18 -0.14 9.82 0.06 0.12 -0.07 -9.98 33.80 17.55

0.18 -0.13 9.81 -0.06 0.06 -0.01 -9.98 33.80 17.55

0.17 -0.12 9.82 0.00 0.06 0.05 -9.98 33.80 17.55

0.16 -0.11 9.82 0.00 0.06 0.05 -9.98 33.80 17.55

0.15 -0.11 9.82 0.00 -0.00 -0.01 -9.98 33.80 17.55

0.16 -0.12 9.83 0.00 0.12 -0.07 -9.98 33.80 17.55

0.16 -0.13 9.82 0.06 0.18 -0.13 -9.02 31.99 19.40

0.16 -0.14 9.82 0.13 0.18 -0.07 -9.02 31.99 19.40

0.17 -0.14 9.81 0.06 -0.00 0.05 -9.02 31.99 19.40

0.17 -0.14 9.81 0.06 -0.00 0.05 -9.02 31.99 19.40

0.18 -0.12 9.83 0.00 0.06 0.05 -9.02 31.99 19.40

0.17 -0.11 9.83 0.06 0.12 0.05 -9.02 31.99 19.40

0.17 -0.10 9.82 0.06 0.12 -0.01 -9.02 31.99 19.40

0.17 -0.11 9.82 0.06 0.12 -0.01 -8.05 31.11 24.04

0.17 -0.12 9.82 0.06 0.12 -0.01 -8.05 31.11 24.04

0.17 -0.12 9.82 0.06 0.12 -0.01 -8.05 31.11 24.04

0.17 -0.12 9.83 0.00 0.12 -0.01 -8.05 31.11 24.04

0.17 -0.14 9.83 0.00 0.12 -0.07 -8.05 31.11 24.04

0.16 -0.13 9.83 0.00 0.12 -0.13 -8.05 31.11 24.04

0.15 -0.12 9.82 0.00 0.12 -0.07 -8.05 31.11 24.04

0.15 -0.11 9.81 0.00 0.06 -0.01 -12.68 32.05 23.09

0.16 -0.12 9.82 0.00 -0.00 -0.01 -12.68 32.05 23.09

0.16 -0.12 9.82 0.06 0.12 -0.13 -12.68 32.05 23.09

0.16 -0.11 9.82 0.06 0.12 -0.07 -12.68 32.05 23.09

0.18 -0.12 9.83 0.06 0.12 -0.07 -12.68 32.05 23.09

0.18 -0.12 9.83 0.06 0.18 -0.07 -12.68 32.05 23.09

0.16 -0.12 9.83 0.06 0.12 -0.01 -12.68 32.05 23.09

0.15 -0.12 9.82 0.06 -0.00 -0.01 -10.83 31.13 22.17

0.15 -0.11 9.82 0.00 0.06 -0.01 -10.83 31.13 22.17

0.16 -0.11 9.84 -0.06 0.06 -0.01 -10.83 31.13 22.17

0.17 -0.12 9.84 0.13 0.18 -0.07 -10.83 31.13 22.17

0.17 -0.13 9.81 0.13 0.12 -0.01 -10.83 31.13 22.17

0.17 -0.13 9.80 0.13 0.12 -0.01 -10.83 31.13 22.17

0.17 -0.12 9.83 0.13 0.12 0.05 -10.83 31.13 22.17

0.16 -0.12 9.82 0.06 0.06 -0.01 -8.06 31.10 22.19

0.16 -0.13 9.83 0.00 0.12 -0.01 -8.06 31.10 22.19

0.17 -0.13 9.82 0.00 0.12 0.05 -8.06 31.10 22.19

0.17 -0.13 9.81 0.13 0.06 -0.01 -8.06 31.10 22.19

0.16 -0.12 9.82 0.13 0.12 -0.13 -8.06 31.10 22.19

0.16 -0.13 9.82 0.06 0.12 -0.13 -8.06 31.10 22.19

0.16 -0.13 9.82 -0.06 0.11 0.22 -13.66 32.03 15.66

0.16 -0.13 9.82 -0.17 0.11 0.57 -13.66 32.03 15.66

0.15 -0.11 9.82 -0.12 0.12 -0.01 -13.66 32.03 15.66

0.15 -0.11 9.82 0.06 0.12 -0.01 -13.66 32.03 15.66

0.15 -0.12 9.81 0.06 0.12 -0.01 -13.66 32.03 15.66

0.15 -0.13 9.81 0.06 0.12 -0.07 -13.66 32.03 15.66

0.16 -0.14 9.81 0.06 0.06 -0.01 -13.66 32.03 15.66

0.17 -0.12 9.84 0.00 0.06 0.05 -13.66 32.03 15.66

0.17 -0.11 9.84 0.00 0.06 -0.01 -9.91 30.21 20.31

0.15 -0.12 9.82 0.06 0.12 0.05 -9.91 30.21 20.31

0.16 -0.13 9.81 0.13 0.12 -0.01 -9.91 30.21 20.31

0.18 -0.13 9.81 0.06 0.06 -0.01 -9.91 30.21 20.31

0.17 -0.13 9.82 0.00 0.06 -0.01 -9.91 30.21 20.31

0.16 -0.13 9.82 0.00 0.12 -0.01 -9.91 30.21 20.31

0.16 -0.12 9.84 0.00 0.12 -0.01 -9.91 30.21 20.31

0.16 -0.12 9.83 0.00 0.06 0.05 -9.90 30.22 22.17

0.16 -0.11 9.82 0.00 0.12 -0.01 -9.90 30.22 22.17

0.16 -0.12 9.82 0.19 0.12 -0.07 -9.90 30.22 22.17

0.17 -0.12 9.82 0.13 0.12 -0.07 -9.90 30.22 22.17

0.17 -0.12 9.82 0.00 0.06 -0.01 -9.90 30.22 22.17

0.16 -0.11 9.83 -0.06 0.06 -0.01 -9.90 30.22 22.17

0.16 -0.13 9.82 0.00 0.06 -0.01 -9.90 30.22 22.17

0.16 -0.12 9.82 0.19 0.06 -0.01 -9.04 34.70 20.34

0.17 -0.13 9.81 0.19 0.12 -0.01 -9.04 34.70 20.34

0.17 -0.13 9.82 0.00 0.06 -0.01 -9.04 34.70 20.34

0.17 -0.13 9.82 0.00 0.12 -0.01 -9.04 34.70 20.34

0.16 -0.13 9.82 0.06 0.12 -0.01 -9.04 34.70 20.34

0.15 -0.13 9.82 0.00 0.06 0.05 -9.04 34.70 20.34

0.16 -0.11 9.82 0.00 -0.00 0.05 -9.04 34.70 20.34

0.16 -0.11 9.83 0.06 0.06 -0.01 -12.69 32.05 22.16

0.16 -0.12 9.83 0.13 0.12 -0.01 -12.69 32.05 22.16

0.16 -0.13 9.82 0.06 0.12 -0.07 -12.69 32.05 22.16

0.17 -0.12 9.82 0.06 0.12 -0.07 -12.69 32.05 22.16

0.17 -0.13 9.83 -0.06 0.06 -0.07 -12.69 32.05 22.16

0.16 -0.12 9.83 -0.12 0.12 -0.13 -12.69 32.05 22.16

0.15 -0.12 9.82 -0.06 0.12 -0.13 -12.69 32.05 22.16

0.16 -0.12 9.83 0.06 0.06 -0.01 -9.01 32.00 21.26

0.18 -0.12 9.82 0.06 0.06 0.05 -9.01 32.00 21.26

0.17 -0.12 9.82 0.06 0.12 -0.01 -9.01 32.00 21.26

0.16 -0.11 9.82 0.00 0.12 -0.01 -9.01 32.00 21.26

0.16 -0.12 9.82 0.00 0.12 -0.01 -9.01 32.00 21.26

0.16 -0.12 9.81 0.06 0.06 -0.07 -9.01 32.00 21.26

0.17 -0.12 9.82 0.00 0.06 -0.07 -9.91 28.40 17.52

0.17 -0.12 9.83 0.00 0.06 0.05 -9.91 28.40 17.52

0.17 -0.12 9.84 0.06 0.06 -0.01 -9.91 28.40 17.52

0.16 -0.13 9.84 0.13 0.12 -0.07 -9.91 28.40 17.52

0.16 -0.13 9.83 0.06 0.12 -0.07 -9.91 28.40 17.52

0.17 -0.14 9.82 0.06 0.12 -0.01 -9.91 28.40 17.52

0.17 -0.13 9.82 0.00 0.06 -0.01 -9.91 28.40 17.52

0.16 -0.12 9.82 0.00 0.06 -0.07 -6.27 31.04 14.78

0.16 -0.12 9.82 -0.06 0.18 -0.07 -6.27 31.04 14.78

0.17 -0.11 9.81 0.00 0.18 -0.01 -6.27 31.04 14.78

0.18 -0.12 9.80 0.06 0.06 -0.01 -6.27 31.04 14.78

0.18 -0.12 9.81 0.00 0.06 -0.01 -6.27 31.04 14.78

0.17 -0.11 9.84 -0.06 0.12 -0.01 -6.27 31.04 14.78

0.16 -0.10 9.84 0.00 0.06 -0.01 -6.27 31.04 14.78

0.16 -0.11 9.83 0.06 0.06 -0.01 -10.84 31.12 21.24

0.16 -0.12 9.83 0.13 0.12 -0.13 -10.84 31.12 21.24

0.17 -0.13 9.82 0.13 0.12 -0.13 -10.84 31.12 21.24

0.17 -0.13 9.82 0.19 0.12 -0.13 -10.84 31.12 21.24

0.17 -0.12 9.83 0.00 0.06 0.05 -10.84 31.12 21.24

0.16 -0.11 9.82 -0.06 0.06 0.05 -10.84 31.12 21.24

0.16 -0.11 9.82 0.00 0.06 -0.01 -10.84 31.12 21.24

0.16 -0.11 9.83 0.00 0.06 -0.07 -8.04 29.30 22.18

0.17 -0.12 9.83 0.00 0.12 -0.07 -8.04 29.30 22.18

0.17 -0.12 9.82 0.00 0.18 -0.07 -8.04 29.30 22.18

0.17 -0.12 9.81 0.00 0.18 -0.01 -8.04 29.30 22.18

0.17 -0.12 9.82 0.00 0.12 -0.01 -8.04 29.30 22.18

0.17 -0.13 9.83 0.06 -0.00 -0.01 -8.04 29.30 22.18

0.17 -0.13 9.82 0.06 0.06 -0.07 -8.04 29.30 22.18

0.16 -0.12 9.82 0.06 0.18 -0.07 -8.07 32.00 23.12

0.16 -0.12 9.82 0.00 0.12 -0.07 -8.07 32.00 23.12

0.16 -0.12 9.82 0.00 0.12 -0.01 -8.07 32.00 23.12

0.16 -0.11 9.83 0.06 0.06 -0.01 -8.07 32.00 23.12

0.17 -0.11 9.83 0.13 0.12 -0.01 -8.07 32.00 23.12

0.17 -0.10 9.82 0.06 0.18 -0.01 -8.07 32.00 23.12

0.17 -0.11 9.81 0.06 0.06 -0.07 -9.01 31.09 19.40

0.17 -0.11 9.83 0.00 -0.00 -0.13 -9.01 31.09 19.40

0.16 -0.13 9.83 0.06 -0.00 -0.01 -9.01 31.09 19.40

0.15 -0.14 9.83 0.06 0.06 -0.01 -9.01 31.09 19.40

0.16 -0.12 9.83 0.13 0.06 -0.01 -9.01 31.09 19.40

0.17 -0.12 9.84 0.00 0.12 -0.01 -9.01 31.09 19.40

0.17 -0.12 9.84 -0.06 0.18 0.05 -9.01 31.09 19.40

0.17 -0.13 9.83 0.00 0.12 0.05 -8.99 31.10 21.25

0.17 -0.13 9.80 0.06 0.12 -0.01 -8.99 31.10 21.25

0.17 -0.12 9.81 0.00 0.06 -0.07 -8.99 31.10 21.25

0.17 -0.11 9.82 0.00 0.06 -0.07 -8.99 31.10 21.25

0.16 -0.10 9.83 0.00 0.06 -0.01 -8.99 31.10 21.25

0.16 -0.11 9.83 0.06 0.12 -0.01 -8.99 31.10 21.25

0.15 -0.12 9.84 0.13 0.06 -0.07 -8.99 31.10 21.25

0.16 -0.12 9.83 0.13 0.12 -0.07 -6.24 30.15 17.56

0.17 -0.12 9.82 0.13 0.12 -0.01 -6.24 30.15 17.56

0.16 -0.12 9.81 0.06 0.06 0.05 -6.24 30.15 17.56

0.17 -0.12 9.82 0.00 0.06 0.11 -6.24 30.15 17.56

0.16 -0.10 9.84 -0.06 0.06 0.05 -6.24 30.15 17.56

0.15 -0.10 9.84 -0.06 0.06 0.05 -6.24 30.15 17.56

0.14 -0.11 9.83 0.06 0.12 -0.01 -6.24 30.15 17.56

0.14 -0.12 9.82 0.13 0.18 -0.07 -9.89 28.41 21.23

0.17 -0.13 9.80 0.13 0.18 -0.07 -9.89 28.41 21.23

0.17 -0.13 9.80 0.13 0.18 -0.01 -9.89 28.41 21.23

0.18 -0.13 9.81 0.06 0.12 0.05 -9.89 28.41 21.23

0.17 -0.12 9.84 0.00 0.06 -0.01 -9.89 28.41 21.23

0.15 -0.11 9.84 0.00 -0.00 -0.01 -9.89 28.41 21.23

0.15 -0.11 9.84 -0.12 -0.01 0.34 -9.89 28.41 21.23

0.14 -0.10 9.83 0.06 0.12 -0.01 -12.65 31.17 25.86

0.15 -0.12 9.82 0.13 0.12 -0.07 -12.65 31.17 25.86

0.16 -0.13 9.82 0.13 0.12 -0.01 -12.65 31.17 25.86

0.18 -0.13 9.81 0.13 0.12 -0.01 -12.65 31.17 25.86

0.20 -0.13 9.81 0.13 0.18 -0.01 -12.65 31.17 25.86

0.19 -0.12 9.80 0.00 0.12 0.05 -12.65 31.17 25.86

0.15 -0.11 9.82 -0.06 0.06 0.05 -12.65 31.17 25.86

0.14 -0.11 9.84 -0.06 0.06 -0.01 -10.83 29.32 19.38

0.15 -0.11 9.84 0.06 0.06 0.05 -10.83 29.32 19.38

0.15 -0.12 9.84 0.13 0.12 -0.01 -10.83 29.32 19.38

0.16 -0.12 9.84 0.13 0.12 -0.07 -10.83 29.32 19.38

0.18 -0.12 9.82 0.06 0.18 -0.07 -10.83 29.32 19.38

0.18 -0.13 9.82 0.06 0.12 -0.01 -10.83 29.32 19.38

0.17 -0.12 9.81 0.00 0.06 0.05 -10.83 29.32 19.38

0.16 -0.11 9.82 0.00 0.06 0.05 -11.77 29.32 17.51

0.15 -0.10 9.82 0.00 0.06 0.05 -11.77 29.32 17.51

0.15 -0.10 9.82 0.06 0.06 0.05 -11.77 29.32 17.51

0.15 -0.11 9.82 0.06 0.06 0.05 -11.77 29.32 17.51

0.17 -0.14 9.83 0.06 0.12 0.05 -11.77 29.32 17.51

0.17 -0.14 9.82 0.06 0.12 -0.01 -11.77 29.32 17.51

0.18 -0.13 9.80 0.00 0.12 -0.01 -11.77 29.32 17.51

0.18 -0.12 9.82 -0.06 0.12 -0.01 -8.09 31.08 19.41

0.16 -0.10 9.84 -0.06 0.12 -0.01 -8.09 31.08 19.41

0.16 -0.11 9.84 0.06 0.06 0.11 -8.09 31.08 19.41

0.16 -0.11 9.84 0.13 0.12 0.05 -8.09 31.08 19.41

0.16 -0.12 9.83 0.13 0.12 -0.01 -8.09 31.08 19.41

0.16 -0.13 9.82 0.13 0.06 -0.01 -8.09 31.08 19.41

0.16 -0.12 9.82 0.13 0.06 -0.01 -8.08 31.09 20.33

0.16 -0.11 9.82 0.13 0.12 -0.01 -8.08 31.09 20.33

0.17 -0.12 9.83 0.00 0.06 0.05 -8.08 31.09 20.33

0.17 -0.11 9.83 -0.06 0.06 -0.01 -8.08 31.09 20.33

0.16 -0.12 9.82 0.06 0.12 -0.07 -8.08 31.09 20.33

0.15 -0.13 9.83 0.06 0.06 -0.01 -8.08 31.09 20.33

0.16 -0.13 9.83 0.13 0.12 -0.01 -8.08 31.09 20.33

0.17 -0.12 9.82 0.06 0.12 -0.01 -11.77 30.22 18.44

0.16 -0.11 9.82 0.00 0.06 -0.07 -11.77 30.22 18.44

0.17 -0.11 9.82 0.00 0.06 -0.01 -11.77 30.22 18.44

0.17 -0.13 9.83 0.06 0.12 -0.01 -11.77 30.22 18.44

0.16 -0.12 9.83 0.06 0.06 -0.07 -11.77 30.22 18.44

0.17 -0.12 9.82 0.06 0.06 -0.07 -11.77 30.22 18.44

0.17 -0.12 9.82 0.06 0.18 -0.07 -11.77 30.22 18.44

0.18 -0.12 9.82 0.06 0.18 -0.07 -11.79 30.21 16.59

0.18 -0.13 9.82 0.00 0.12 -0.01 -11.79 30.21 16.59

0.18 -0.13 9.82 0.00 0.12 -0.07 -11.79 30.21 16.59

0.17 -0.11 9.82 0.00 0.12 -0.07 -11.79 30.21 16.59

0.16 -0.11 9.83 0.00 0.06 -0.07 -11.79 30.21 16.59

0.14 -0.11 9.83 0.06 0.06 -0.07 -11.79 30.21 16.59

0.15 -0.11 9.82 0.06 0.12 -0.07 -11.79 30.21 16.59

0.16 -0.12 9.82 0.00 0.12 -0.07 -8.06 31.10 23.12

0.16 -0.13 9.83 0.00 0.12 -0.01 -8.06 31.10 23.12

0.17 -0.13 9.83 0.06 0.12 -0.01 -8.06 31.10 23.12

0.18 -0.12 9.82 0.00 0.12 -0.01 -8.06 31.10 23.12

0.17 -0.11 9.83 0.00 0.06 -0.07 -8.06 31.10 23.12

0.15 -0.11 9.82 0.06 0.06 -0.07 -8.06 31.10 23.12

0.15 -0.11 9.83 0.00 0.06 -0.07 -8.06 31.10 23.12

0.15 -0.12 9.83 0.06 -0.00 -0.07 -10.79 27.53 22.15

0.15 -0.13 9.83 0.13 0.06 -0.01 -10.79 27.53 22.15

0.16 -0.14 9.84 0.19 0.12 -0.01 -10.79 27.53 22.15

0.16 -0.13 9.82 0.13 0.18 -0.01 -10.79 27.53 22.15

0.17 -0.12 9.82 0.00 0.06 -0.01 -10.79 27.53 22.15

0.17 -0.12 9.83 0.00 -0.00 -0.01 -10.79 27.53 22.15

0.16 -0.11 9.84 -0.06 0.06 -0.01 -9.94 32.01 20.32

0.16 -0.11 9.83 0.00 0.06 -0.07 -9.94 32.01 20.32

0.15 -0.11 9.82 0.06 0.06 -0.13 -9.94 32.01 20.32

0.15 -0.12 9.82 0.06 0.06 -0.07 -9.94 32.01 20.32

0.15 -0.12 9.84 0.06 0.06 -0.01 -9.94 32.01 20.32

0.16 -0.12 9.84 0.06 -0.00 -0.01 -9.94 32.01 20.32

0.16 -0.12 9.84 -0.06 -0.01 0.34 -9.94 32.01 20.32

0.18 -0.12 9.82 0.00 0.06 -0.07 -9.94 32.01 20.32

0.16 -0.14 9.82 0.00 0.06 -0.07 -14.58 32.95 17.51

0.16 -0.14 9.82 0.00 0.06 -0.01 -14.58 32.95 17.51

0.16 -0.13 9.83 0.00 0.06 -0.01 -14.58 32.95 17.51

0.16 -0.12 9.82 0.00 0.06 -0.01 -14.58 32.95 17.51

0.16 -0.12 9.82 -0.06 0.06 -0.07 -14.58 32.95 17.51

0.16 -0.11 9.82 0.06 0.06 -0.07 -14.58 32.95 17.51

0.16 -0.12 9.82 0.13 0.06 -0.07 -14.58 32.95 17.51

0.17 -0.14 9.82 0.06 0.12 -0.01 -10.81 27.52 20.29

0.17 -0.14 9.82 0.06 0.12 -0.01 -10.81 27.52 20.29

0.17 -0.13 9.81 0.00 0.12 -0.07 -10.81 27.52 20.29

0.16 -0.11 9.82 -0.06 0.12 -0.07 -10.81 27.52 20.29

0.16 -0.11 9.83 0.00 -0.00 0.05 -10.81 27.52 20.29

0.15 -0.11 9.83 0.00 -0.00 -0.01 -10.81 27.52 20.29

0.15 -0.11 9.82 0.06 0.06 -0.07 -9.96 32.00 17.54

0.16 -0.11 9.82 0.13 0.06 -0.01 -9.96 32.00 17.54

0.16 -0.12 9.81 0.13 0.06 -0.01 -9.96 32.00 17.54

0.17 -0.12 9.82 0.00 0.12 -0.01 -9.96 32.00 17.54

0.16 -0.13 9.82 0.00 0.12 -0.07 -9.96 32.00 17.54

0.17 -0.12 9.81 0.06 0.06 -0.01 -9.96 32.00 17.54

0.16 -0.11 9.83 0.06 0.06 0.05 -9.96 32.00 17.54

0.16 -0.11 9.83 0.00 0.18 -0.01 -9.96 33.81 20.33

0.17 -0.12 9.82 0.00 0.12 -0.01 -9.96 33.81 20.33

0.17 -0.12 9.82 0.06 0.18 -0.07 -9.96 33.81 20.33

0.17 -0.11 9.82 0.06 0.12 -0.07 -9.96 33.81 20.33

0.17 -0.11 9.82 0.00 0.06 -0.07 -9.96 33.81 20.33

0.16 -0.12 9.83 0.06 0.12 0.05 -9.96 33.81 20.33

0.16 -0.13 9.83 0.06 0.12 -0.01 -9.96 33.81 20.33

0.17 -0.12 9.83 0.00 0.06 -0.07 -9.93 31.11 19.39

0.16 -0.11 9.82 0.00 0.12 -0.07 -9.93 31.11 19.39

0.16 -0.11 9.81 0.00 0.12 -0.01 -9.93 31.11 19.39

0.16 -0.11 9.82 0.06 0.12 -0.01 -9.93 31.11 19.39

0.16 -0.12 9.82 0.06 0.12 -0.01 -9.93 31.11 19.39

0.17 -0.13 9.82 0.13 0.06 -0.07 -9.93 31.11 19.39

0.17 -0.12 9.83 0.13 0.12 -0.07 -9.93 31.11 19.39

0.17 -0.12 9.82 0.06 0.12 -0.01 -8.99 31.11 22.18

0.17 -0.12 9.82 0.00 0.12 -0.01 -8.99 31.11 22.18

0.16 -0.11 9.81 0.00 0.06 -0.07 -8.99 31.11 22.18

0.16 -0.11 9.82 -0.12 0.12 -0.01 -8.99 31.11 22.18

0.16 -0.10 9.84 -0.06 0.12 -0.01 -8.99 31.11 22.18

0.15 -0.10 9.83 0.13 0.06 -0.01 -8.99 31.11 22.18

0.16 -0.12 9.81 0.19 0.06 0.05 -8.99 31.11 22.18

0.17 -0.13 9.82 0.06 0.06 -0.01 -9.94 30.20 17.53

0.17 -0.13 9.83 0.06 0.06 -0.07 -9.94 30.20 17.53

0.16 -0.13 9.82 0.06 0.06 -0.01 -9.94 30.20 17.53

0.16 -0.13 9.81 0.00 0.06 0.05 -9.94 30.20 17.53

0.14 -0.12 9.84 -0.06 0.06 -0.01 -9.94 30.20 17.53

0.14 -0.11 9.83 0.00 0.06 -0.01 -9.94 30.20 17.53

0.15 -0.10 9.82 0.06 0.06 -0.07 -7.15 31.99 22.20

0.17 -0.11 9.83 0.19 0.18 -0.01 -7.15 31.99 22.20

0.18 -0.12 9.82 0.13 0.18 -0.01 -7.15 31.99 22.20

0.19 -0.13 9.81 0.13 0.12 -0.01 -7.15 31.99 22.20

0.18 -0.13 9.82 0.00 0.06 -0.01 -7.15 31.99 22.20

0.14 -0.11 9.83 0.00 0.06 -0.01 -7.15 31.99 22.20

0.13 -0.11 9.84 0.00 0.12 -0.01 -7.15 31.99 22.20

0.14 -0.11 9.84 0.06 0.12 -0.01 -9.00 32.01 22.19

0.16 -0.12 9.83 0.13 0.18 -0.01 -9.00 32.01 22.19

0.17 -0.12 9.82 0.13 0.12 -0.07 -9.00 32.01 22.19

0.18 -0.12 9.82 0.06 0.06 -0.01 -9.00 32.01 22.19

0.18 -0.11 9.82 0.00 -0.00 -0.01 -9.00 32.01 22.19

0.17 -0.12 9.82 0.00 0.06 -0.01 -9.00 32.01 22.19

0.16 -0.11 9.81 0.06 0.12 0.05 -9.00 32.01 22.19

0.15 -0.10 9.81 0.00 0.12 0.05 -12.67 30.25 22.15

0.15 -0.11 9.82 0.00 0.06 -0.01 -12.67 30.25 22.15

0.15 -0.11 9.83 0.06 0.12 -0.01 -12.67 30.25 22.15

0.16 -0.12 9.84 0.13 0.12 -0.01 -12.67 30.25 22.15

0.17 -0.12 9.82 0.13 0.12 -0.01 -12.67 30.25 22.15

0.18 -0.13 9.81 0.06 0.12 -0.01 -12.67 30.25 22.15

0.18 -0.13 9.81 0.00 0.06 0.05 -12.67 30.25 22.15

0.16 -0.12 9.84 -0.06 0.06 -0.01 -9.92 31.11 21.25

0.14 -0.11 9.84 -0.12 0.12 -0.01 -9.92 31.11 21.25

0.14 -0.11 9.84 -0.06 0.12 -0.01 -9.92 31.11 21.25

0.16 -0.11 9.83 0.00 0.12 -0.01 -9.92 31.11 21.25

0.17 -0.12 9.82 0.13 0.12 -0.01 -9.92 31.11 21.25

0.18 -0.13 9.81 0.06 0.12 -0.01 -9.92 31.11 21.25

0.18 -0.14 9.82 0.06 0.06 -0.01 -9.92 31.11 21.25

0.17 -0.13 9.83 0.06 0.06 -0.07 -9.95 32.91 20.33

0.13 -0.11 9.83 0.00 0.06 -0.01 -9.95 32.91 20.33

0.13 -0.10 9.84 -0.06 0.12 -0.01 -9.95 32.91 20.33

0.15 -0.11 9.83 -0.18 0.11 0.34 -9.95 32.91 20.33

0.15 -0.11 9.83 0.13 0.18 -0.01 -9.95 32.91 20.33

0.17 -0.12 9.83 0.19 0.18 -0.01 -9.95 32.91 20.33

0.18 -0.12 9.83 0.13 0.12 -0.07 -9.95 32.91 20.33

0.17 -0.13 9.81 0.06 0.12 -0.07 -10.91 34.71 17.55

0.17 -0.13 9.80 0.00 0.12 0.05 -10.91 34.71 17.55

0.18 -0.13 9.81 0.00 0.06 0.05 -10.91 34.71 17.55

0.16 -0.11 9.81 -0.06 -0.00 -0.01 -10.91 34.71 17.55

0.15 -0.10 9.82 0.00 0.06 -0.01 -10.91 34.71 17.55

0.15 -0.11 9.82 0.06 0.12 -0.01 -10.91 34.71 17.55

0.16 -0.12 9.83 0.13 0.06 -0.07 -10.91 34.71 17.55

0.16 -0.12 9.83 0.13 0.06 -0.01 -9.92 32.02 22.18

0.17 -0.12 9.82 0.06 0.12 -0.01 -9.92 32.02 22.18

0.17 -0.12 9.82 0.06 0.06 -0.07 -9.92 32.02 22.18

0.18 -0.13 9.83 0.06 -0.00 -0.07 -9.92 32.02 22.18

0.17 -0.12 9.83 -0.06 0.06 0.05 -9.92 32.02 22.18

0.15 -0.12 9.83 -0.06 0.12 0.05 -9.92 32.02 22.18

0.15 -0.11 9.82 0.00 0.06 -0.01 -9.92 32.02 22.18

0.17 -0.11 9.82 0.06 0.06 -0.01 -9.00 31.10 20.33

0.17 -0.12 9.82 0.00 0.12 0.05 -9.00 31.10 20.33

0.17 -0.12 9.82 0.00 0.12 0.05 -9.00 31.10 20.33

0.18 -0.11 9.82 0.06 0.12 -0.01 -9.00 31.10 20.33

0.17 -0.12 9.82 0.06 0.12 -0.07 -9.00 31.10 20.33

0.15 -0.14 9.82 0.06 0.12 -0.01 -9.00 31.10 20.33

0.15 -0.13 9.82 0.00 0.12 -0.01 -9.91 31.12 22.17

0.16 -0.11 9.82 0.00 0.12 -0.01 -9.91 31.12 22.17

0.16 -0.10 9.83 0.00 0.06 -0.07 -9.91 31.12 22.17

0.17 -0.10 9.83 -0.06 0.12 -0.07 -9.91 31.12 22.17

0.17 -0.11 9.82 0.00 0.18 -0.07 -9.91 31.12 22.17

0.17 -0.11 9.82 0.06 0.12 -0.01 -9.91 31.12 22.17

0.16 -0.11 9.84 0.06 0.06 0.05 -9.91 31.12 22.17

0.15 -0.11 9.84 0.13 0.12 -0.01 -10.82 28.42 19.37

0.15 -0.12 9.83 0.13 0.12 -0.07 -10.82 28.42 19.37

0.16 -0.13 9.81 0.13 0.12 -0.01 -10.82 28.42 19.37

0.17 -0.13 9.81 -0.06 0.06 -0.01 -10.82 28.42 19.37

0.17 -0.12 9.82 -0.06 0.06 -0.01 -10.82 28.42 19.37

0.17 -0.12 9.82 -0.06 0.06 -0.01 -10.82 28.42 19.37

0.16 -0.11 9.83 -0.06 -0.00 0.05 -10.82 28.42 19.37

0.16 -0.11 9.84 -0.06 0.06 0.05 -11.74 28.43 20.29

0.16 -0.11 9.84 0.00 0.06 0.05 -11.74 28.43 20.29

0.17 -0.11 9.82 0.00 0.06 -0.01 -11.74 28.43 20.29

0.17 -0.11 9.82 0.13 0.12 -0.01 -11.74 28.43 20.29

0.16 -0.12 9.82 0.13 0.18 -0.07 -11.74 28.43 20.29

0.17 -0.13 9.81 0.06 0.12 -0.07 -11.74 28.43 20.29

0.17 -0.14 9.81 0.06 0.12 -0.07 -11.74 28.43 20.29

0.16 -0.13 9.82 0.00 0.06 -0.07 -8.09 32.90 22.20

0.16 -0.12 9.82 0.00 0.06 -0.01 -8.09 32.90 22.20

0.14 -0.11 9.82 0.06 0.12 0.05 -8.09 32.90 22.20

0.14 -0.11 9.83 0.06 0.06 -0.01 -8.09 32.90 22.20

0.16 -0.11 9.82 0.13 -0.00 -0.01 -8.09 32.90 22.20

0.17 -0.11 9.82 0.06 0.12 -0.07 -8.09 32.90 22.20

0.18 -0.12 9.82 0.06 0.12 -0.07 -8.09 32.90 22.20

0.17 -0.13 9.82 0.13 0.12 -0.07 -9.03 31.99 18.48

0.17 -0.13 9.82 0.00 0.06 -0.07 -9.03 31.99 18.48

0.16 -0.12 9.82 -0.06 0.06 -0.01 -9.03 31.99 18.48

0.15 -0.12 9.83 0.06 -0.00 -0.01 -9.03 31.99 18.48

0.16 -0.13 9.84 0.13 0.06 -0.01 -9.03 31.99 18.48

0.17 -0.13 9.83 0.06 0.12 -0.01 -9.03 31.99 18.48

0.16 -0.11 9.80 0.06 0.18 -0.01 -9.91 31.12 22.17

0.17 -0.11 9.81 0.00 0.18 -0.01 -9.91 31.12 22.17

0.17 -0.11 9.82 0.00 0.12 -0.01 -9.91 31.12 22.17

0.17 -0.11 9.83 0.06 0.06 0.05 -9.91 31.12 22.17

0.17 -0.12 9.83 0.06 0.06 0.05 -9.91 31.12 22.17

0.16 -0.12 9.83 0.06 0.06 0.05 -9.91 31.12 22.17

0.16 -0.12 9.83 0.06 0.06 -0.01 -9.91 31.12 22.17

0.15 -0.12 9.83 0.13 0.12 -0.01 -9.04 34.70 20.34

0.16 -0.12 9.83 0.13 0.12 -0.01 -9.04 34.70 20.34

0.17 -0.13 9.82 0.13 0.12 -0.01 -9.04 34.70 20.34

0.18 -0.13 9.82 0.06 0.12 0.05 -9.04 34.70 20.34

0.18 -0.12 9.83 0.00 0.06 0.05 -9.04 34.70 20.34

0.16 -0.11 9.83 0.00 -0.00 -0.01 -9.04 34.70 20.34

0.15 -0.11 9.82 0.06 0.06 -0.07 -9.04 34.70 20.34

0.15 -0.11 9.83 0.00 0.06 -0.01 -9.94 32.01 19.40

0.17 -0.12 9.82 0.06 0.12 0.05 -9.94 32.01 19.40

0.17 -0.13 9.82 0.13 0.06 -0.01 -9.94 32.01 19.40

0.17 -0.12 9.82 0.06 0.06 -0.01 -9.94 32.01 19.40

0.17 -0.12 9.82 0.00 0.06 -0.07 -9.94 32.01 19.40

0.16 -0.12 9.82 0.00 0.06 -0.01 -9.94 32.01 19.40

0.15 -0.12 9.83 0.00 0.06 0.05 -9.94 32.01 19.40

0.16 -0.11 9.82 0.06 0.06 0.05 -8.08 30.18 19.40

0.17 -0.11 9.83 0.13 0.06 0.05 -8.08 30.18 19.40

0.16 -0.11 9.82 0.06 0.06 -0.01 -8.08 30.18 19.40

0.16 -0.12 9.83 0.06 0.12 -0.07 -8.08 30.18 19.40

0.16 -0.12 9.83 0.06 -0.00 -0.01 -8.08 30.18 19.40

0.16 -0.12 9.84 0.00 -0.00 -0.01 -8.08 30.18 19.40

0.17 -0.13 9.83 0.00 -0.00 0.05 -8.08 30.18 19.40

0.16 -0.12 9.83 0.00 0.06 -0.01 -8.97 31.12 24.97

0.15 -0.11 9.84 0.00 0.06 -0.01 -8.97 31.12 24.97

0.15 -0.12 9.83 0.00 0.06 -0.01 -8.97 31.12 24.97

0.16 -0.11 9.82 0.00 0.06 -0.07 -8.97 31.12 24.97

0.16 -0.10 9.83 0.13 0.06 -0.07 -8.97 31.12 24.97

0.16 -0.10 9.84 0.13 0.06 -0.01 -8.97 31.12 24.97

0.16 -0.12 9.83 0.06 0.06 0.05 -10.82 29.32 21.23

0.17 -0.13 9.82 0.00 0.06 -0.07 -10.82 29.32 21.23

0.16 -0.12 9.82 0.00 -0.00 -0.07 -10.82 29.32 21.23

0.15 -0.12 9.82 0.00 0.06 0.05 -10.82 29.32 21.23

0.16 -0.11 9.83 0.00 0.06 0.05 -10.82 29.32 21.23

0.16 -0.11 9.83 0.00 0.06 0.11 -10.82 29.32 21.23

0.16 -0.12 9.82 0.06 0.06 -0.01 -10.82 29.32 21.23

0.17 -0.12 9.82 0.06 0.06 -0.07 -10.87 32.02 19.39

0.17 -0.13 9.82 0.06 0.06 -0.07 -10.87 32.02 19.39

0.16 -0.13 9.82 -0.06 0.05 0.28 -10.87 32.02 19.39

0.16 -0.13 9.82 0.06 0.12 -0.07 -10.87 32.02 19.39

0.17 -0.12 9.82 0.06 0.12 -0.13 -10.87 32.02 19.39

0.16 -0.12 9.82 0.00 -0.00 -0.01 -10.87 32.02 19.39

0.16 -0.11 9.83 -0.06 -0.00 -0.01 -10.87 32.02 19.39

0.17 -0.11 9.83 -0.06 0.06 0.05 -10.87 32.02 19.39

0.16 -0.10 9.83 0.00 0.12 0.05 -8.09 31.99 20.34

0.16 -0.11 9.82 0.06 0.12 -0.07 -8.09 31.99 20.34

0.17 -0.12 9.81 0.19 0.12 -0.13 -8.09 31.99 20.34

0.17 -0.13 9.82 0.13 0.12 -0.01 -8.09 31.99 20.34

0.17 -0.13 9.83 -0.06 0.12 -0.01 -8.09 31.99 20.34

0.17 -0.12 9.84 -0.06 0.12 -0.01 -8.09 31.99 20.34

0.17 -0.11 9.82 -0.06 0.12 -0.01 -9.92 31.11 20.32

0.16 -0.10 9.82 -0.06 0.06 0.05 -9.92 31.11 20.32

0.16 -0.11 9.82 0.00 0.06 0.05 -9.92 31.11 20.32

0.16 -0.11 9.81 0.19 0.12 -0.01 -9.92 31.11 20.32

0.17 -0.13 9.83 0.19 0.12 -0.01 -9.92 31.11 20.32

0.17 -0.13 9.83 0.06 0.12 -0.01 -9.92 31.11 20.32

0.16 -0.12 9.82 0.00 0.12 -0.01 -9.92 31.11 20.32

0.16 -0.12 9.82 0.00 0.12 -0.01 -10.85 29.31 17.52

0.17 -0.12 9.83 0.06 0.18 -0.07 -10.85 29.31 17.52

0.17 -0.12 9.83 0.06 0.12 -0.01 -10.85 29.31 17.52

0.17 -0.12 9.83 0.06 0.06 0.05 -10.85 29.31 17.52

0.17 -0.11 9.82 0.06 -0.00 -0.01 -10.85 29.31 17.52

0.16 -0.11 9.82 0.06 0.06 -0.07 -10.85 29.31 17.52

0.16 -0.11 9.82 0.00 0.06 -0.07 -10.85 29.31 17.52

0.17 -0.11 9.83 0.00 0.12 -0.07 -8.09 31.08 18.48

0.16 -0.10 9.83 0.06 0.12 0.05 -8.09 31.08 18.48

0.17 -0.11 9.81 0.06 0.18 -0.01 -8.09 31.08 18.48

0.17 -0.12 9.82 0.06 0.06 -0.01 -8.09 31.08 18.48

0.15 -0.12 9.83 0.06 0.06 0.05 -8.09 31.08 18.48

